0.2947099495309914
0.7156443524662557
0.3564186771809599
0.85122575055175
0.2671850847065911
0.7186851497350464
0.7472557986694828
0.2661165533638671
0.05254963291587844
0.6775971280413242
0.5497933761936648
0.7710894891100197
0.41952110553860367
0.4790493804818118
0.8030811142396374
0.3254780222882707
0.45380534083857593
0.10583751778616413
0.6533620306255844
0.08036321633773702
0.7046484121734358
0.25793481219880465
0.527338671557792
0.7041138112534899
0.9987237111452889
0.23657338431660457
0.014152409567493973
0.9429267082090538
0.33737611542000234
0.8665033317757111
0.5870383919685168
0.17465953406648604
0.24070274911127176
0.3931659452845716
0.3937196952223794
0.17259853203009323
0.6681726298452914
0.8840513219985481
0.28242996178081314
0.47131744717881363
0.30418980245220817
0.48688985131885454
0.5649762610895614
0.17573308912274344
0.2551496444657929
0.42774187418319176
0.40808026229923944
0.8776491547706811
0.09601841395142419
0.7364975518154724
0.8726391466177165
0.6135587807728307
0.18251700804814708
0.3291284453939477
0.0015224570092743361
0.3873786797249327
0.5340249138519457
0.8045196717106651
0.20881190163285612
0.9584325002221685
0.3041413789597067
0.3991529228215678
0.009319269258340257
0.06254464576637031
0.3445312859998002
0.2230838729560889
0.023041000928382682
0.22867534528078692
0.9389178033624286
0.1452501963059325
0.0012151812653303784
0.9864504231579427
0.3166381463274308
0.8699132669883645
0.2565787623499556
0.5470053958879567
0.5061780968729677
0.9551687436417807
0.14898007166231964
0.8416267331259151
0.4710067732931915
0.5851816554322936
0.8227539824611779
0.005512997240349593
0.026553955717241395
0.8679247087197834
0.762001527985826
0.9253704358940462
0.07732343303561795
0.39607265106027334
0.699298946716561
0.5099573887874169
0.1711482570257823
0.8102519260109814
0.5233665886381748
0.5744138952223294
0.3201911292829108
0.23446328550621565
0.15631559760987024
0.19580606524609168
